-116.5000   43.4375
 -116.7903   45.5903
 -116.9839   46.9792
 -117.7581   49.3403
 -118.3710   50.5208
 -118.7258   51.6319
 -119.8871   54.8958
 -120.5000   57.3958
 -120.6290   59.9653
 -120.8226   62.5347
 -121.0161   63.9931
 -121.4677   66.0764
 -121.9194   68.0903
 -122.6290   69.8958
 -123.9194   72.6736
 -124.7258   75.0347
 -125.0484   75.8681
 -125.8548   77.8819
 -126.5000   79.5486
 -127.2742   81.2847
 -127.7903   82.8819
 -127.9194   84.1319
 -127.9516   85.3125
 -127.9516   86.6319
 -127.4677   87.0486
 -126.9516   87.5347
 -126.2419   88.2292
 -125.3710   88.2292
 -124.3710   88.2986
 -122.8548   87.3958
 -121.7903   86.2153
 -121.4355   85.1042
 -120.9516   83.5764
 -120.2097   81.4931
 -119.0484   78.2986
 -117.6290   75.4514
 -116.8226   73.9931
 -116.1774   74.0625
 -116.5968   75.2431
 -116.8226   76.8403
 -117.7581   79.8958
 -117.9194   81.0764
 -118.6613   88.0903
 -118.9839   89.9653
 -119.2419   90.7292
 -119.4032   91.4236
 -119.5000   92.6042
 -120.0484   93.9931
 -120.0484   95.2431
 -119.8226   96.0764
 -119.5000   96.9097
 -119.0806   97.4653
 -118.6613   97.8125
 -117.7903   98.3681
 -116.9194   98.6458
 -115.6290   98.9931
 -114.6613   98.3681
 -114.0806   98.1597
 -113.6613   97.6042
 -113.2097   96.7014
 -112.9194   95.9375
 -112.3065   93.2292
 -111.9839   91.4236
 -111.6613   89.6875
 -111.1774   86.5625
 -110.2742   83.0903
 -109.6613   79.6181
 -109.5645   80.3125
 -109.5645   81.3542
 -109.6935   83.5069
 -109.8548   85.5208
 -109.6935   87.6736
 -109.6613   89.4097
 -109.6290   91.7708
 -109.4677   92.8125
 -109.5645   93.6458
 -109.8548   95.5903
 -109.8871   97.3958
 -110.1452   98.6458
 -109.9839   99.4097
 -109.5000   100.1736
 -108.7581   101.0764
 -108.1774   101.7708
 -107.5645   101.8403
 -106.4355   101.8403
 -105.5323   101.7708
 -105.3065   101.7708
 -104.6613   101.4931
 -103.3710   100.4514
 -102.8871   99.5486
 -102.8871   98.6458
 -102.5323   98.0208
 -102.4677   96.5625
 -102.3065   92.1875
 -102.1452   90.0347
 -101.8226   88.2986
 -101.5968   86.2153
 -101.5968   85.5208
 -101.5968   83.7847
 -101.6613   80.3125
 -101.7258   79.0625
 -101.5000   77.6042
 -101.2742   79.4097
 -101.1452   79.9653
 -100.7903   82.4653
 -100.5323   84.4097
 -100.1774   86.7014
  -99.6290   90.1042
  -99.6613   92.1875
  -99.5000   93.9931
  -99.3387   95.5208
  -98.9194   96.0764
  -98.4355   97.1181
  -97.6290   98.0903
  -97.0484   98.4375
  -96.5645   98.5069
  -95.6290   98.6458
  -94.7903   98.6458
  -93.6935   98.2986
  -92.8871   97.2569
  -92.4032   95.9375
  -92.2419   94.5486
  -92.1129   92.7431
  -92.1452   91.5625
  -92.2419   89.6181
  -92.3710   84.8264
  -92.6290   82.5347
  -92.7258   79.9653
  -92.9516   78.5069
  -93.0161   77.3264
  -93.2419   75.5903
  -93.5000   72.9514
  -93.3710   69.2014
  -92.7903   67.4653
  -91.5968   65.4514
  -91.0161   64.2708
  -90.3065   63.6458
  -89.7903   63.4375
  -89.5000   64.2708
  -89.0806   65.1042
  -88.5000   65.7292
  -87.6290   66.9097
  -86.4032   68.2292
  -86.1129   69.2708
  -86.0161   70.0347
  -85.1452   70.9375
  -84.2419   71.9792
  -83.0806   73.0903
  -81.5645   74.2014
  -80.4355   74.8264
  -79.5645   75.1736
  -78.5323   75.5208
  -77.8871   75.5208
  -76.8226   75.3819
  -75.9516   74.4792
  -75.5323   73.7847
  -75.3065   73.0903
  -75.3387   71.9792
  -75.9194   70.3125
  -76.5968   69.5486
  -77.6290   68.1597
  -78.1129   66.5625
  -78.5968   65.1736
  -78.9194   64.4792
  -79.2419   63.5764
  -79.8548   62.7431
  -80.7903   61.2153
  -81.1129   60.3125
  -81.9839   59.1319
  -83.5968   56.6319
  -84.5000   54.7569
  -85.4677   53.7153
  -86.3387   52.6736
  -87.8871   51.6319
  -89.7258   50.0347
  -93.1774   47.9514
  -94.2419   46.7014
  -94.8548   45.9375
  -95.6935   44.5486
  -95.9839   43.5764